9781472959959 105 9
9780231168915 12 33
9789157478887 49 6
9172240199 71 24
9789157478887 191 25
9781472959959 157 17
9781491973899 63 138
9172240199 181 15
9780231168915 203 23
9781472959959 26 16
9172240199 155 16
9781472959959 55 1
9780231168915 149 35
9172240199 11 22
9789157478887 177 6
9781491973899 81 37
9789157478887 114 10
9781491973899 26 17
9172240199 148 9
9780231168915 211 10
9789157478887 44 1
9780231168915 171 8
9172240199 8 21
9781491973899 135 29
9780231168915 67 19
9780231168915 51 3
9172240199 58 19
9781472959959 72 4
9780231168915 235 50
9789157478887 220 18
9172240199 38 42
9781472959959 140 24
9789157478887 173 12
9781491973899 196 44
9781472959959 136 15
